0: 32
2: 721
3: 751 752 900 8175 8189
4: 180 184 702 703 712 714 715 716 718 719 722 723 727 729 753 754 756 786 890 8125 8126 8127 8190
5: 175 713 717 720 767 9588 9590
6: 45 168 710 711 724 725 726 728 731 735 748 761 762 763 764 8208 9480 42888
7: 46 183 903 1371 1373 8228 8729 42778
8: 39 732 733 755 757 758 759 1372 1418 8128 8210 8211 8315 8331 8722 9476 42892
9: 7508 7509 8141 8142 8157 8158 9548 42781 42782 42783
10: 730 42777
11: 95 691 692 697 740 746 747 901 7523 7589 7595 8173 8174 8212 8213 8230 8242 8254 9472 9702 42776 42779 42780
12: 884 1374 1417 8143 8159 42775 42890 42891
13: 172 704 705 766 885 7480 7507 7580 8976 9676
14: 44 58 699 700 701 737 738 739 760 1369 1370 7513 8129 8216 8217 8218 8219 8250 8339 42889
15: 34 126 693 7478 7488 7515 7522 7525 8249 8305
16: 690 696 765 1375 7590 7593 7604 7610 7611 8314 8316 8330 8332 9589 9591 9643 11799
17: 61 247 688 694 7477 7500 7502 7511 7544 7583 7584 7585 7608 8311 8327 9592 9594
18: 94 736 7499 7506 7512 7518 7524 7527 7581 7609 7614 8259 8338 8776 9581 9582 9652 9662 11388 11389
19: 689 7493 7497 7498 7579 7588 7591 7603 7607 8337 8340 9656 9666
20: 179 185 578 695 7446 7447 7468 7473 7479 7486 7491 7492 7503 7594 7612 8321 8323 8336 9481 9583 9584
21: 59 60 62 176 617 671 706 707 708 709 894 953 1075 7462 7474 7489 7528 7587 7598 7599 7600 7601 7605 8260 8309 8319 8325 8725 9484 9488 11382
22: 33 161 178 451 741 742 743 744 745 749 750 881 926 1161 7475 7484 7495 7496 7505 7516 7521 7530 7606 7613 8215 8220 8221 8223 8322 8592 8594 8735 9552 9596 9598
23: 42 43 166 171 187 638 639 698 1090 1410 7451 7476 7485 7510 7519 7582 7592 8224 8226 8243 8317 8318 8333 8334 9492 9496
24: 99 1010 1089 1169 7434 7482 7483 7487 7504 7514 8308 8310 8324 8326
25: 47 92 114 305 406 596 891 943 7472 7494 7615 7984 7985 8054 8055 8304 8313 8320 8329 8432 8580 9477
26: 63 76 191 383 880 915 964 1043 1107 1171 1271 7428 7440 7442 7469 7470 7481 7490 7548 8222 8526 8801 8804 8805 9516 9554 9557 11381 42784
27: 122 577 633 655 660 661 662 978 979 1340 1362 7453 7597 8145 8312 8328
28: 55 74 84 186 618 895 932 970 991 1001 1006 1032 1058 1197 1287 7454 7471 7517 7520 7526 7529 7539 7596 7602 8144 8413 9524 9560 9563
29: 105 115 170 236 237 263 267 341 392 424 446 612 892 893 990 1109 1110 1388 7433 7436 7460 7501 7586 7769 7771 8150 8593 8595 9482 9549 9642 9834 9839 42785
30: 40 67 118 124 215 231 299 313 343 428 445 448 573 589 647 652 962 1017 1021 1027 1057 1095 1153 1168 1211 7458 7547 7734 7775 7835 7986 7987 7988 7989 8244 8286 8579 8800 9478 9633
31: 41 49 70 116 177 265 269 301 315 317 321 345 378 380 390 523 531 567 604 663 685 883 988 1013 1014 1079 1170 1195 1209 1270 1285 1297 1344 1360 7538 7738 7827 7881 8482 8498 8596 9617 11377
32: 51 73 108 238 239 464 538 603 673 674 921 949 957 965 1030 1100 1101 1108 1111 1141 1196 1207 1216 1231 1295 1319 7431 7432 7456 7463 7465 7740 7786 7788 7829 7836 9550 9675 11362 11387
33: 53 89 90 123 125 199 297 319 347 354 358 435 439 440 521 529 540 584 605 610 906 912 918 933 989 1098 1198 1248 1286 1293 1350 7448 7452 7459 7576 7777 7779 7790 7837 7992 7993 7996 7997 8025 8029 8146 8147 8155 8171 8745 9474 9493 9497 9593 9595 10038
34: 50 102 262 266 351 356 382 441 537 541 576 597 616 634 636 643 645 651 658 910 980 987 1160 1249 1339 1346 1397 1401 7441 7542 7575 7689 7792 7807 7825 7883 7932 7990 7991 7994 7995 8027 8154 8170 8376 8747 9473 9485 9489 9788
35: 83 91 93 110 117 120 303 308 349 353 391 423 429 438 444 621 635 941 1000 1007 1029 1047 1063 1083 1093 1152 1228 1275 1332 1335 1343 1353 7424 7467 7561 7710 7773 7787 7789 8050 8051 8225 8734 9585 9586 11360 11385
36: 101 106 111 174 204 205 304 312 355 357 398 400 539 602 637 656 668 954 959 973 1003 1011 1059 1069 1077 1082 1085 1086 1087 1112 1194 1210 1241 1284 1296 1358 1400 1405 7435 7439 7466 7566 7727 7736 7791 7882 7952 7953 8016 8031 8058 8059 8151 9318 9572 9658 9668 11372
37: 69 97 163 264 268 314 316 318 377 379 407 410 430 477 592 600 601 607 882 917 996 1028 1045 1072 1177 1185 1269 1399 7455 7464 7540 7541 7574 7725 7735 7785 7793 7822 7826 7998 7999 8017 8355 8494 8525 9486 9490 9555 9558
38: 221 298 302 309 322 359 401 402 425 442 496 522 549 575 594 606 619 642 648 650 657 666 904 931 947 963 986 999 1022 1023 1189 1247 1351 1383 1413 7445 7449 7450 7688 7711 7739 7781 7805 7828 7831 7880 7922 7924 7960 7961 7964 7965 8136 8137 8153 8161 8453 8730 9312 9313 9500 9508 9517 9518 9575 11380
39: 80 121 206 207 222 300 346 350 388 427 463 562 581 593 640 641 644 667 929 938 971 992 1008 1015 1031 1056 1068 1091 1103 1119 1199 1203 1206 1213 1222 1261 1274 1280 1292 1294 1318 1327 1421 1422 7429 7564 7571 7572 7741 7749 7751 7776 7778 7819 7909 7933 7962 7963 8152 8160 8169 8364 8377 8597 9314 9525 9526 11384 65532
40: 57 86 242 243 249 250 278 296 320 324 326 374 376 381 417 432 443 494 495 505 520 536 559 590 923 939 950 960 972 1066 1116 1143 1179 1181 1187 1200 1208 1289 1404 1423 7425 7534 7551 7562 7724 7783 7824 7885 7926 8000 8001 8056 8057 8166 8168 8172 8253 9315 9316 9494 9498 9561 9564 9674 11371 11391
41: 54 65 71 75 85 162 200 201 224 225 232 233 279 333 363 371 436 450 551 552 553 585 654 684 913 922 955 997 1024 1040 1050 1094 1104 1125 1127 1140 1154 1226 1262 1268 1291 1311 1317 1330 1333 1336 7550 7557 7578 7753 7841 7864 7865 7954 7955 7956 7957 8018 8019 8020 8021 8352 8366 8616 8992 8993 9317 9320 9322 9328 9644
42: 52 104 244 251 252 257 274 275 306 328 335 348 352 365 404 414 420 466 468 491 527 535 628 629 631 646 902 945 951 984 1035 1139 1147 1176 1215 1227 1246 1257 1264 1277 1334 7430 7726 7737 7755 7795 7799 7821 7834 7887 7911 7928 7934 8354 9323 9520 9566 9569 9573 11361 11386
43: 107 202 203 226 234 235 241 246 253 259 261 276 277 280 281 282 283 331 361 369 389 408 426 434 437 462 515 518 519 533 548 564 613 626 627 630 649 665 669 670 887 961 969 985 1025 1026 1038 1051 1074 1080 1105 1113 1122 1123 1166 1173 1205 1233 1238 1239 1243 1255 1260 1279 1299 1352 1354 1357 1359 1408 7438 7443 7536 7704 7705 7764 7766 7780 7784 7797 7823 7843 7866 7867 7923 7925 8356 8378 8381 8467 8721 9319 9324 9326 9450 9532 9556 9559 9792 11363 11375 11390
44: 79 119 228 245 329 337 386 395 399 431 455 517 525 563 611 927 944 958 1041 1054 1099 1114 1164 1165 1182 1184 1201 1212 1235 1240 1263 1266 1301 1309 1321 1348 1392 7427 7554 7565 7570 7577 7707 7806 7869 7899 7901 7907 7913 7915 7921 8162 8163 8962 9325
45: 72 98 164 165 181 189 227 288 375 409 411 447 513 516 546 550 561 566 572 614 620 659 919 928 936 940 956 1002 1053 1055 1078 1131 1136 1178 1193 1224 1282 1331 1338 1345 1356 7559 7567 7573 7681 7701 7703 7706 7761 7763 7868 7889 7891 7908 7927 8002 8003 8004 8005 8008 8009 8010 8011 8022 8023 8048 8049 8122 8123 8184 8252 8531 8706 9321 9327 9330 9528 9576 11379 11383
46: 68 88 100 112 113 192 193 217 218 255 290 310 367 403 419 422 472 476 481 484 500 599 653 905 908 916 935 942 993 1036 1061 1088 1118 1188 1220 1265 1281 1307 1310 1329 1349 1378 1380 1393 1394 1396 1398 1415 7457 7461 7700 7702 7728 7730 7782 7838 7840 7845 7847 7855 7857 7870 7871 7872 7873 7893 7897 7903 7917 7930 7936 7937 7944 7945 7946 7947 7948 7949 7968 7969 7976 7977 7978 7979 7980 7981 8012 8013 8052 8053 8124 8138 8139 8185 8710 9329 9331 9562 9565 9835 11369 11370 64257
47: 35 82 109 229 230 256 260 362 433 493 587 937 948 974 983 1009 1019 1071 1102 1117 1183 1202 1214 1237 1267 1326 1381 1390 7563 7568 7712 7715 7717 7721 7729 7731 7732 7757 7801 7849 7853 7859 7863 7874 7875 7879 7910 7929 8032 8033 8060 8061 8113 8115 8121 8131 8167 8186 8486 8533 8539 8542 11368
48: 56 188 194 196 219 220 258 284 286 295 311 364 370 394 397 416 461 467 470 474 486 488 514 534 544 555 558 588 595 623 678 682 920 967 1020 1039 1073 1084 1096 1115 1124 1135 1175 1180 1232 1234 1251 1313 1377 1386 1403 1407 7426 7437 7531 7708 7709 7733 7794 7798 7803 7804 7809 7811 7815 7817 7830 7839 7842 7878 7884 7905 7919 7935 8040 8041 8042 8043 8112 8120 8164 8165 8179 8367 8532 8537 9501 9509 9527 9794
49: 48 195 198 210 211 293 339 360 368 479 532 543 557 565 574 580 591 683 982 1005 1062 1076 1120 1121 1142 1186 1221 1236 1259 1315 1316 1366 7444 7545 7683 7685 7714 7719 7723 7796 7833 7912 7914 7920 7982 7983 8187 8365 8380 9495 9499 9519 9574 11366 11367
50: 77 78 87 208 271 272 273 307 332 373 384 393 489 490 512 686 911 924 925 977 981 1004 1052 1081 1149 1167 1172 1191 1253 1276 1288 1290 1302 1305 1308 1361 1365 1379 1382 7532 7549 7680 7690 7691 7693 7716 7720 7765 7767 7818 7886 7895 8044 8045 8072 8114 8116 8118 8134 8140 8534 8535 8540 8541 9597 9599 11373 11376
51: 66 167 190 197 212 214 240 334 340 366 387 415 465 471 475 480 507 509 526 547 609 664 687 914 998 1012 1018 1042 1129 1138 1146 1230 1242 1254 1256 1273 1278 1298 1320 1364 1387 1391 7533 7537 7687 7692 7695 7697 7745 7747 7759 7768 7770 7813 7844 7846 7851 7856 7861 7876 7877 7916 7938 7939 7940 7941 7950 7951 7970 7971 7972 7973 8047 8064 8065 8073 8074 8075 8076 8077 8080 8081 8088 8089 8090 8091 8092 8093 8130 8132 8182 9578
52: 36 169 213 223 248 292 294 336 338 342 385 396 483 503 524 542 975 1060 1097 1126 1204 1219 1225 1245 1283 1355 1384 1409 7694 7696 7699 7718 7722 7743 7774 7820 7848 7852 7854 7862 7898 7900 7906 8034 8035 8036 8037 8046 8096 8097 8178 8180 8188 8372 8373 8375 8382 9487 9491 9577 9786 64258
53: 37 81 254 270 405 530 583 598 615 952 1033 1048 1133 1218 1306 1347 1395 7535 7556 7698 7760 7762 7800 7858 7888 7918 8104 8105 8106 8107 8371 8374 8536 8538 9521 9522 9533 9534 11365 11378
54: 323 344 456 469 473 478 502 504 506 508 560 571 579 624 672 680 886 976 1067 1223 1300 1304 1342 1363 1406 1412 7552 7569 7744 7746 7748 7750 7802 7814 7832 7890 7892 7902 7942 7943 7974 7975 8094 8095 8359 8369 8379 8471 9503 9511 64261
55: 325 413 421 482 528 1034 1106 1130 1134 1145 1163 1229 1325 1341 1402 7558 7682 7684 7742 7752 7808 7810 7816 7896 8038 8039 8108 8109 8119 8135 8240 8368 11364
56: 492 498 511 586 625 1016 7553 7560 7686 7754 7756 7850 7860 7904 8066 8067 8068 8069 8078 8079 8082 8083 8084 8085 8111 8183 9502 9510 9529 9530 9679 9830 64256 64262
57: 103 327 372 412 418 545 554 568 569 582 995 1044 1046 1070 1148 1303 1337 7543 7772 7812 8098 8099 8100 8101 8110 8470 9650 9660
58: 209 499 556 608 622 1037 1174 1192 1258 1312 1314 1385 8360 9483 9537 9824 9827
59: 330 497 968 1064 1137 1250 7758 7894 8070 8071 8086 8087
60: 449 457 675 679 946 1190 1252 1414 8102 8103 8214 8363 9536
61: 38 289 453 501 681 1049 1150 1151 1272 8370 8719 9479 9531
62: 291 934 1411 7713 11374
63: 216 287 454 460 570 1065 1092 1144 9535 9618
64: 285 452 487 632 966 1128 1244 1324 1389 7931 8357 8361 8362 8383 9505 9513 9551
65: 485 677 1132 1217 1323 7555 9523
66: 676 994 8353 8358 9506 9514 64276
67: 510 1162 9458 9460 9475 9553 64279
68: 182 458 9471 9541 9542 10109 10111 64275
69: 9454 9456 9459 9539 9540
70: 9567 9570 64259
71: 9452 9453 9455 9504 9512 9587 10107 10110
72: 3647 9451 9568 9571 9829 10105
73: 9457 10106 64277
74: 9579 10103 10104 64278
75: 9538 10102
76: 459 64260
77: 64 9543 10108
78: 7546 9544 9580
79: 9787
80: 9507 9515
81: 1322
84: 9545 9546
87: 9689
92: 9547
114: 9632
126: 9600 9604 9612 9616
182: 9688
189: 9619
252: 9608
