0: 32 160 8192 8193 8194 8195 8196 8197 8198 8199 8200 8201 8202 8239 8287 65279 65529 65530 65531 65532 32
6: 729 775 796 803 825 856 890 8126
7: 721
8: 96 180 718 719 727 768 769 781 786 789 790 791 806 809 900 3784 8175 8189 8242 8245
9: 184 697 702 703 722 723 731 732 771 795 807 808 816 884 885 1369 8128 8315 8331
10: 168 712 716 776 800 804 830 1614 1616 8125 8127 8190 9588 9590 9692 9693 9694 9695 9732 10075 65142 65146
11: 46 183 701 728 774 777 785 787 788 814 815 835 903 1620 1621 1626 1652 8901 9826 10076
12: 710 711 755 770 780 805 812 813 1375 1632 1776 7508 7509 9480 9867
13: 733 779 792 793 797 798 1371 1373 1548 1644 8972 8973 8974 8975 9756 9758 10141
14: 39 175 713 717 772 783 817 1557 1619 9476 9702 9734 42892
15: 720 821 4347 7589 9816 9828 9866 65139
16: 691 692 782 811 828 3789 7523 8243 8246 8314 8317 8318 8330 8333 8334 9548 9825 10023 42781 42782 42783 42890
17: 730 778 784 794 799 829 1418 7595 8316 8332 8988 8989 8990 8991 9838 10139 10147 10165
18: 810 826 865 901 1370 8141 8142 8157 8158 8173 8174 8219 8249 8250 8902 9882 9985 9987 10163 42779 42780
19: 44 699 700 726 7507 7580 8143 8159 8216 8217 8218 9013 9589 9591 9831 10137 10146
20: 801 802 1615 3768 7515 7525 7610 8129 9832 9833 9837 10025 10174 65144
21: 45 173 737 1611 1613 3787 7480 8208 8209 8343 8963 8964 9472 9592 9594 9653 9657 9663 9667 9757 9759 9988 10077 10098 10099 10153 10154 65136 65140
22: 58 176 693 738 739 3769 7488 7511 7584 7590 7611 8255 8339 8347 8348 8728 8758 9842 9872 9876 10003 10078 42889
23: 185 1563 1617 1618 7478 7502 7522 7581 8305 8311 8321 8327 8764 8765 9889 10164 10166 10168 11810 11811 11812 11813 65148 65150
24: 126 690 704 705 740 820 822 1417 4348 7499 7500 7506 7512 7513 7524 7583 7585 7604 7609 8244 8247 8338 8722 9482 9862 9888 9986 10001 10027 10142 11388
25: 179 1612 1643 7593 8319 8323 8345 8961 9048 9481 9550 9737 9788 9810 9996 9999 10030 10072 42891 64488 65138
26: 178 695 696 734 1372 7477 7588 7591 7594 8308 8322 8324 8978 8980 9478 9696 9697 9839 9854 9997 10061 10151 10156 10169 10171
27: 95 773 818 827 1645 7491 7492 7493 7497 7498 7579 7603 7605 7612 7613 8210 8211 8212 8213 8254 8336 8337 8340 8672 8673 8674 8675 9582 9583 9749 9769 9789 9790 9815 9863 10032 10036 10159 10170
28: 94 1600 7503 7601 7606 8342 8636 8638 8640 8642 8678 9581 9584 9615 9649 9731 9744 9813 9883 10022 10029 10161 11389
29: 34 688 823 7486 7587 7607 8341 8637 8639 8641 8643 8679 8680 8681 8682 9051 9488 9496 9659 9669 9817 10031 10132 10143 10175 11034 42762
30: 689 694 7468 7504 7505 7514 7598 7614 8230 8309 8325 8344 8656 8657 8658 8659 8701 8702 8943 9059 9060 9477 9484 9492 9763 9834 10136 10138 10145 10167 11013 11018 42760 42761 42763 42764 42765 42766 42767 42768 42769 65169 65255
31: 59 736 894 7475 7494 7592 7599 8691 8985 9596 9621 9643 9652 9656 9662 9666 9676 9992 10035 10092 10093 10157 11014 11015 11016 11017 11019 11020 11021
32: 33 161 172 451 7473 7474 7489 7495 7496 7510 7582 7600 8346 8662 8663 8664 8665 8976 9474 9598 9735 9743 9850 10144
33: 7479 7484 7597 8592 8593 8594 8595 8756 8757 8888 8981 9728 9729 9747 9841 10011 10140 10148 10155 10204
34: 7476 7544 7586 7596 8310 8313 8326 8329 8598 8599 8600 8601 8965 9549 9730 9800 9877 9998 10000
35: 741 742 743 744 745 7472 7487 7501 7615 8227 8312 8328 8482 8543 8653 8655 8668 8669 8683 8686 8688 9064 9647 9651 9655 9661 9665 9725 9804 10063 10087 10858 11807 42770 42771 42772 42773 42774 64340 64352 64510 65175 65267
36: 166 171 187 824 7446 7447 7469 7482 7483 7490 8223 8304 8320 8604 8605 8630 8631 8760 9585 9586 9645 9748 9760 9765 9812 10002 10005 10018 10038 10064 10158 10172 10229 10230 65163
37: 47 92 685 7470 7481 8226 8684 8703 8725 8729 9000 9166 9745 9753 9809 9844 10004 10028 10065 10088 10089 43000
38: 750 1569 3772 3788 8220 8221 8222 8610 8611 8660 8661 8666 8667 9070 9593 9595 9733 9750 9814 9843 9848 9990 10056 10152 65143 65147 65152
39: 164 448 1374 1583 8617 8618 9516 9524 9601 9620 9766 9801 9840 9845 9849 10039 10066 10149 10150 10162 65193
40: 953 1633 1777 3761 8979 9075 9489 9497 9720 9721 9722 9727 9746 9806 9847 9875 10037 10058 10091 64344 64360 64489 65179
41: 3785 8450 8494 8761 8769 9485 9493 9508 9557 9563 9708 9723 9796 9808 9880 10013 10017 42789
42: 1585 8596 8597 8606 8607 8608 8609 8621 8685 8687 8736 9500 9554 9560 9674 9884 10007 10090 65197
43: 42 8602 8603 8612 8613 8614 8615 8628 8629 8676 8677 8695 8696 8727 9473 9552 9617 9807 9878 10019 10034 42788
44: 60 62 617 1075 1576 1584 8733 8735 8900 8997 9066 9088 9251 9671 9741 9768 9770 9798 9821 9855 9991 65167 65194 65195
45: 247 1231 1410 1575 8759 9634 9711 9773 9811 9846 10231 11382 42787 64348 64356 65165 65170 65198 65256
46: 43 114 124 633 1090 1546 3764 8654 8739 8763 9794 9874 9993 10100 10859 43001 65168
47: 41 61 1586 8781 8966 9764 9793 9853 9879 10009 65199
48: 40 63 671 943 8054 8055 8770 8771 8776 8909 9085 9089 9483 9599 9658 9668 9792 9799 9835 10094 10095 65145 65187
49: 1578 1607 1658 1659 3765 3771 8150 8624 8625 8626 8627 9091 9486 9490 9494 9498 9597 9785 9786 10014 10082 10173 10216 10217 64338 64350 65137 65173 65196 65251 65257
50: 655 964 970 1567 1573 7984 7985 8520 8632 8788 8789 8866 8867 8868 8869 9517 9518 9525 9526 9558 9564 9633 9771 9791 9802 9803 10010 10012 10059 10178 10208 11822 64341 64353 64511 65176 65200 65268 120154
51: 191 215 1169 1388 8144 8616 8622 8977 9080 9501 9509 9532 9551 9555 9561 9566 9569 10057 10073 10101 10799 64339 64351 65149 65151 65164 65174
52: 99 186 596 891 1010 1089 1107 1397 1642 7602 7769 7771 8619 8620 8670 8671 8692 8697 8698 8699 8826 8827 8834 8835 8969 8971 8992 8993 9099 9134 9716 9717 9718 9719 9774 9856 10015 65166
53: 1571 1657 8700 8968 8970 9479 9648 9675 9795 9797 9851 10070 10083 11030 11031 11032 11033 64358 65155 65159 65183 65191
54: 341 343 638 639 1171 1579 1638 1662 3766 3786 8145 8783 9709 9710 10021 10214 10215 64342 64361 65177 65227 65252
55: 37 819 831 1782 8215 9065 9836 9857 64345 64359 65180 65211 65258
56: 170 305 589 1681 3767 8689 8690 8730 9761 9818 64343 64396 64509 65178 65203 65264
57: 76 531 915 1043 1271 1688 7454 8790 8882 8883 8911 8962 8998 9003 9023 9097 9115 9117 9118 9130 9510 9520 9528 9573 9576 9687 9738 9805 9830 10053 10086 10647 10648 64394 65156 65188 65204 65228
58: 267 345 383 603 949 1095 1297 1636 7986 7987 7988 7989 8224 8484 8651 8652 8910 9024 9096 9120 9502 9503 9511 9572 9575 9672 9686 9740 9819 9858 10044 64372 64376 65212
59: 55 91 93 634 636 652 912 1197 1401 1545 1577 1634 1663 1664 1778 4304 8146 8147 8528 8747 8782 8784 8814 8815 8999 9116 9119 9122 9125 9519 9527 9767 9784 64346 64354 64397 64414 64415 65171 65231 65247 0 8 9 13 29 128 129 130 131 132 133 134 135 136 137 138 139 140 141 142 143 144 145 146 147 148 149 150 151 152 153 154 155 156 157 158 159
60: 84 108 115 118 263 529 567 932 1058 1109 1340 1570 7775 7990 7991 8151 8743 8744 9069 9127 9131 9487 9491 9495 9499 9533 9534 9556 9559 9562 9565 9614 9684 9736 9739 9752 10020 10026 10040 10041 10048 10049 10052 64349 64357 64395 65153 65160 65215
61: 962 991 1079 1108 1589 8253 8262 8531 8734 9050 9707 9712 9713 9714 9715 9859 9881 10043 10631 10632 11381 11800 64347 64355 65209 65235
62: 169 188 189 231 424 635 637 926 1195 1362 8261 8634 8635 8745 8772 9057 9129 9133 9642 10055 65184 65192 65232
63: 74 122 177 313 610 647 892 893 895 987 1027 1032 1100 4312 7734 8746 9055 9121 9762 9772 9852 10016 10050 10081 10181 10182 64380 64400 65210 65216 65243
64: 49 67 106 120 236 237 390 1011 1017 1057 1093 1112 1606 7835 8252 8473 8532 8647 8648 8649 8650 8777 8847 8848 9039 9046 9061 9124 9755 9775 9824 10006 10047 65253 65254
65: 116 190 265 269 314 315 317 406 618 1101 1605 3762 3763 7433 8799 9098 9123 9475 9536 9553 9754 9860 10084 65172 65202 65249
66: 102 105 239 297 410 605 1013 1014 1098 1110 1111 1168 1590 1635 1641 1779 1785 4346 7735 7773 7777 7779 7786 7788 7807 8533 8623 8644 8645 8646 8693 8709 8723 8960 9034 9090 9126 9537 9678 10042 10746 11385 65154 65213 65248 65266
67: 89 301 428 523 576 597 612 660 661 662 910 933 941 957 1189 1198 1360 1587 1639 1640 1783 1784 3720 7736 8025 8027 8029 8050 8051 8170 8171 8469 8861 9038 9045 9505 9513 9514 9905 10054 10096 10097 64373 64377 65162 65201 65239
68: 123 125 316 318 347 435 537 538 604 607 989 1269 1581 8240 8535 8800 8804 8805 8813 8818 8819 9015 9506 9521 9522 9529 9530 9861 64384 65185 65214 65236 65250
69: 162 238 319 351 356 380 429 464 573 651 965 978 979 1021 1344 1383 1608 1780 7805 7827 7883 7952 7953 8031 8534 8536 8793 8794 8924 8925 9128 9587 9820 10033 10046 42786 65261
70: 70 73 110 111 262 266 299 312 321 354 392 521 645 921 954 959 988 1030 1082 1086 1216 1400 1413 7432 7689 7737 7740 7819 8154 8529 8537 8762 8779 8785 8786 8787 8792 9029 9030 9052 9132 9535 9574 9577 9578 9823 9873
71: 50 51 117 174 303 320 358 378 438 621 643 947 1008 1047 1177 1199 1228 1332 1339 1346 1350 1399 1405 7453 7725 7787 7789 7994 7995 8539 8542 8714 8717 8795 8854 8856 9014 9022 9041 9570 9644 9646 64428 65207 65259
72: 221 308 349 353 682 683 906 1059 1085 1087 1203 1247 3751 7688 7711 7738 7785 7922 7992 7993 8155 8778 8791 8857 8984 9073 9074 9567 10008 64364 64381 65208
73: 268 309 357 359 446 496 539 564 566 1083 1170 1705 7741 7792 7822 7924 7996 7997 8225 8461 8706 8773 8780 8797 8830 8831 8836 8837 9504 9512 64398 65240 65262
74: 119 199 264 355 400 436 620 654 993 1063 1194 1296 1309 1343 1404 1580 1582 3738 3747 4313 4317 7557 7739 7790 7821 8540 8585 8801 8852 9622 9624 9650 9654 9660 9664 9670 9698 9699 9700 9701 10051 42893 64429 65181 65189 65234
75: 53 204 205 572 616 678 955 1358 1609 1740 7547 7831 8264 8265 8796 8851 9539 9540 9541 9571 9827 64399 64401 64508 65244 65263
76: 83 304 322 374 382 391 559 606 619 640 648 666 673 674 1022 1029 1261 1726 3714 3732 7749 7751 7825 7882 7885 7998 7999 8168 8845 9523 9531 9542 9568 9623 9629 64426 64427
77: 52 97 101 121 417 477 549 601 602 656 657 963 986 1072 1077 1091 1113 1241 1270 1335 3745 7710 7829 7909 7928 7954 7955 7956 7957 8366 8471 8538 8828 8829 8838 8839 8863 8884 8926 8927 9602 9726 64368 64385
78: 163 242 243 324 326 376 427 430 450 505 541 577 600 642 923 939 972 973 990 1028 1103 1116 1119 1179 7793 8056 8057 8058 8059 8846 8858 8860 8865 8885 9681 9682 9822 64365
79: 206 249 250 300 302 411 432 449 463 491 592 630 680 950 980 1114 1593 1601 1667 1668 4318 7784 7791 8152 8166 8241 8376 8377 8477 8541 8715 8832 8833 8934 9677 9680 9683 64370 64374 65225 65233
80: 86 167 241 245 246 296 371 522 575 593 594 649 667 679 687 887 971 1080 1196 1200 1201 1255 1543 3719 3759 4311 4314 7724 7815 7817 8000 8001 8016 8017 8368 8378 8712 8853 8855 8935 9033 9079 10085 42897 65206
81: 88 207 252 335 346 361 527 562 581 629 668 670 935 938 960 969 1023 1031 1038 1061 1068 1139 1176 1257 1572 1603 1604 3737 3760 7795 7797 8160 8169 8352 8367 8474 8798 9077 9507 9515 9538 9579 10045 10747 11386 65157 65241 65245 65275
82: 80 222 365 388 414 423 434 535 929 951 1015 1056 1173 1246 1542 1588 3713 3725 3742 4305 4321 7776 7778 7809 7811 8721 8731 9109 65205
83: 90 104 107 244 279 328 337 443 445 466 520 613 650 653 669 918 1094 1211 1264 1266 1354 1392 1408 1591 1637 4336 7755 7823 7865 7907 7925 8462 8732 8774 9543 9904 64369 65217 65219 65246
84: 71 251 298 333 369 401 402 407 409 468 525 536 551 565 574 945 967 985 1066 1069 1102 1210 1268 1378 1393 1407 1594 1670 3733 4308 4334 4343 7753 7799 7841 8153 8161 8172 8364 8711 8820 8821 8849 8850 9053 9063 9082 9544 64363 64378 65158 65226 65229 65260
85: 36 69 232 233 253 348 352 363 398 533 623 641 664 684 917 983 1045 1084 1104 1187 1353 1610 3716 4323 4331 4338 7813 7899 7901 7921 7923 7962 7963 8136 8453 8816 8817 8842 8843 8912 8913 65242 65265
86: 109 224 225 281 331 350 441 611 614 644 658 663 958 1074 1115 1249 1262 1336 1377 1380 1394 1396 1398 1403 3739 3741 3758 4309 7455 7806 8263 8633 8862 8936 8937 9580 65186 65218 65220
87: 65 181 227 235 255 261 329 373 425 426 553 626 631 646 904 913 931 956 1040 1105 1123 1188 1220 1243 1265 1330 1333 1351 1359 1381 1574 1781 3735 3740 3749 7707 7764 7818 7833 7869 7905 7913 7915 7929 7960 7961 7964 7965 7974 7975 8137 8704 8710 9021 11375 42894 64404 65161
88: 54 57 228 248 277 295 519 627 665 944 1078 1099 1117 1118 1224 1235 1239 1334 1386 1592 3757 4306 4335 7757 7766 8002 8003 8004 8005 8018 8019 8020 8021 8162 8163 8179 8355 65221 65223
89: 56 85 259 367 377 379 399 405 500 515 937 961 1096 1233 1240 1390 1395 1415 1671 1700 4339 7715 7717 7729 7731 7801 7826 7897 7919 8022 8023 8086 8087 8131 8486 8822 8823 9058 9076 9545 9546 11383 64362 64367 64382 65230 65273 65276
90: 35 79 200 201 226 230 234 283 288 375 389 420 462 472 476 561 599 681 927 942 974 1019 1024 1054 1237 1267 1365 1711 3722 4345 7426 7681 7705 7723 7804 7968 7969 8042 8043 8052 8053 8060 8061 8167 8184 8186 8463 8705 8707 8864 9673 9787 11391 64402
91: 48 100 113 275 278 306 311 442 517 563 916 1081 1122 1253 1263 1307 3755 7864 8010 8011 8115 8122 8182 8859 65182 65190 65222 65224 65271
92: 98 112 192 193 240 257 286 290 293 339 381 489 513 543 628 675 940 1088 1259 1331 1338 3743 4320 4330 7444 7745 7747 7820 7824 7832 7878 7946 7947 8009 8032 8033 8041 8048 8049 8134 8214 8381 8802 9742 64375 64403
93: 38 182 276 284 486 493 550 1202 1238 1352 1357 3734 4326 4327 7721 7840 8357 8718 8775 8932 8933 9613 9829 10074 64371 65269
94: 75 202 280 282 397 433 437 474 552 557 571 902 922 948 1050 1175 1251 1260 1379 1382 3746 7706 7719 7743 7839 7852 7936 7937 8102 8103 8118 8123 8124 8267 8490 8694 8806 8807 9167 64366 65238 65274
95: 72 165 203 210 211 217 218 229 258 447 518 555 624 919 928 1025 1051 1053 1055 1232 1387 4310 4319 4344 7708 7862 7863 7868 7948 7949 7978 7979 8008 8040 8080 8081 8106 8107 8111 8112 8120 8138 8356 8365 9636 9637 9865
96: 68 81 194 260 386 431 461 470 511 558 905 908 911 1035 1041 1073 1306 1391 1402 7879 7884 7908 7945 7976 7977 7980 8044 8139 8185 8187 8188 8369 9054 10752
97: 195 196 403 416 514 516 934 982 1234 1348 1349 1356 1384 4316 4325 4329 7704 7733 7828 7830 7853 7857 7896 7944 7981 8012 8013 8045 8047 8070 8071 8074 8075 8096 8097 8105 8130 8132 8164 8165 8178 8180 8840 8841 9547 9685 9864
98: 271 334 364 408 481 509 568 569 595 598 625 1018 1227 1385 4342 7683 7685 7691 7693 7709 7712 7767 7970 7971 7972 7973 8110 8113 8183 10218 10219 11390 42791 63173 64379 64405
99: 82 198 212 219 274 360 370 395 465 467 490 495 512 659 686 1036 1076 1097 1236 1245 1273 1341 1406 7680 7728 7796 7982 7983 8064 8065 8078 8079 8094 8095 8114 8116 8135 8354 8803 9081 9703 9704 9705 9706 11026 11027 11028 11029 65272
100: 213 214 220 368 384 444 526 534 609 977 1020 1033 1060 1218 1242 1254 4333 4340 7730 7765 7794 8034 8035 8036 8037 8038 8039 8076 8077 8090 8091 8104 9019 9062
101: 78 197 256 336 422 548 615 672 677 886 925 1048 1071 1106 1329 1347 4307 4315 7697 7714 7716 7856 8046 8073 8088 8089 8092 8108 8119 8121 8371 8373 8491 8808 8809 8898 8899 9025 9026 9078 9639 9640 65270
102: 103 223 273 294 310 404 439 440 479 492 524 532 570 588 920 952 966 1009 1248 1345 1364 1366 1409 7543 7690 7692 7798 7912 7914 7920 7938 7939 7940 7941 7951 8072 8093 8109 8140 9068 64383
103: 77 208 272 387 393 396 488 502 924 1034 1052 1092 1361 1363 4322 4324 7898 7900 7942 7943 8082 8083 8084 8085 9067 64257
104: 87 292 332 340 362 483 542 545 976 1308 4332 7699 7906 7950 9056
105: 254 270 338 394 419 508 580 1016 1039 1355 1389 1411 4328 7696 7720 7756 7768 7770 7800 8098 8099 8100 8101 8370 10731
106: 66 385 471 475 540 914 1042 1067 1178 1414 7687 7695 7718 7722 7918 8748 42922 64258
107: 323 342 366 415 480 504 676 968 984 1012 1037 1138 1256 7904 8066 8067 8068 8069 8929 9724 11373 11376
108: 289 344 421 544 1062 3647 3754 7698 7732 7748 7750 8353 8359 8708 8713 8716 8719 8720 8928 9036 9043
109: 325 330 473 530 622 936 1337 1412 4341 7742 7772 7808 7810 9049 9690 9691
110: 64 291 307 501 560 1049 7694 7744 7746 7814 7816 8930 8931
111: 209 327 528 8470
112: 216 412 478 494 992 1186 1252 1342 1602 7682 7684 8922 8923 9031 9032 42790 65237
113: 287 372 608 1026 1046 1172 7774 8360 8824 9635
114: 469 482 556 1064 1223 7754 7812 8372 8825 9603 42896
115: 285 413 487 554 8361
116: 579 981 1219 1250 1272 7713 7752 8363 9679 11364
117: 510 946 4337 9035 9042
118: 1258
119: 418 9638
120: 7686 9020 11374
122: 1044 1070 1217 9018
123: 1065 1174 9017 9027 9028
124: 1244 9641
125: 9612 9618 9626 9630
126: 9016
128: 9040 9047
129: 9616
130: 9072
131: 8362 65533
136: 9751
137: 9037 9044 9071
145: 8358
148: 9632
150: 632
151: 9600 9604
155: 8749
158: 9611
159: 9688
188: 9605
189: 9627
190: 9610 9628
191: 9625
193: 9631
208: 9619
211: 9689
222: 9609
226: 9606
255: 9607 9608
